0.876
0.896
0.912
0.903
0.915
0.914
0.924
0.93
0.926
0.931
0.935
0.934
0.931
0.939
0.938
0.94
0.942
0.939
0.938
0.945
0.946
0.943
0.942
0.936
0.945
0.943
0.944
0.942
0.941
0.946
0.946
0.948
0.95
0.946
0.945
0.95
0.951
0.954
0.947
0.952
0.948
0.947
0.948
0.95
0.952
0.953
0.95
0.951
0.952
0.953
0.95
0.952
0.953
0.952
0.954
0.954
0.954
0.952
0.952
0.95
0.951
0.95
0.949
0.949
0.951
0.951
0.952
0.952
0.949
0.949
0.95
0.951
0.949
0.95
0.95
0.95
0.951
0.951
0.95
0.952
0.95
0.949
0.951
0.952
0.95
0.952
0.95
0.951
0.95
0.951
0.949
0.952
0.95
0.952
0.952
0.95
0.952
0.953
0.953
0.954
