0.871
0.885
0.903
0.908
0.908
0.918
0.917
0.927
0.931
0.926
0.935
0.935
0.932
0.935
0.934
0.938
0.937
0.936
0.941
0.932
0.933
0.936
0.938
0.936
0.938
0.942
0.942
0.939
0.937
0.943
0.943
0.94
0.948
0.944
0.944
0.936
0.945
0.942
0.945
0.942
0.943
0.946
0.941
0.943
0.944
0.943
0.942
0.946
0.941
0.945
0.945
0.948
0.948
0.947
0.946
0.947
0.946
0.946
0.945
0.946
0.947
0.946
0.948
0.946
0.948
0.947
0.947
0.945
0.949
0.945
0.946
0.948
0.948
0.947
0.947
0.947
0.948
0.948
0.947
0.947
0.947
0.947
0.946
0.946
0.946
0.948
0.948
0.946
0.948
0.947
0.947
0.948
0.945
0.947
0.948
0.947
0.948
0.947
0.946
0.947
