0.34430561640770263
0.16678148893168265
0.190340245051166
0.1031450882925442
0.2869456580904747
0.10848097675666728
0.10583892295958748
0.1452505181639486
0.07161309626065789
0.12191019832360361
0.10608816692439643
0.042175417644051555
0.04890398773695841
0.07107723904405429
0.06624266789267642
0.03869549691043992
0.10665050325831606
0.027815798325249975
0.01600300587287296
0.04685427471816067
0.027739690026117637
0.04969155204767477
0.010563130839820767
0.023798227651643286
0.02249142265943482
0.02558230621589927
0.01762589136545389
0.019706449681107713
0.014503114365401797
0.04097604563379677
0.018731669120261342
0.02033688014677221
0.017274468787545252
0.018253658450722323
0.02850622898887024
0.02177767706711911
0.013805986023855032
0.008776002929160491
0.013550205012165972
0.0071615851049279
0.0065978793613296095
0.010963960852885273
0.00924866255787543
0.005268127502171772
0.01555517185859094
0.009250790350477099
0.007519566908551204
0.013778301489023526
0.00798945411707567
0.00594622923520904
0.00904164148455164
0.0064406516926327016
0.005728277158107367
0.008447288990633135
0.010981212346700589
0.005653497033420602
0.004342787849081525
0.0065294935474674645
0.008879163427665216
0.0056084173002630576
0.007658372632351889
0.009390307995479418
0.012548043903055459
0.012164705017487096
0.005490505037993295
0.005328141881583956
0.009334405224860686
0.008262326602570414
0.008532623493913018
0.005691874274703185
0.010256314567078819
0.005320509730573169
0.004484349853306352
0.008134710038835672
0.009693014261220005
0.009622754174529503
0.006768242926233513
0.006357773600887056
0.005732388687842136
0.011875692575220859
0.017049817829834658
0.009040946795554058
0.00541708818449295
0.005713954848951695
0.0054236560170518346
0.011511637687994354
0.004910635130978725
0.012022047420544437
0.0057691505264103795
0.010291013256560804
0.01451690809190647
0.0050182328627674565
0.004830442503148866
0.010372864241194966
0.006223721281689992
0.004831020244937579
0.01048382919047147
0.0048346367509113156
0.008665865247788453
0.01215548970599801
