0.321649622705
0.381044795509
0.37935436153
0.179715490197
0.111350451875
0.167069609971
0.22872244892
0.0500403877281
0.0571326275124
0.118997276051
0.148695898129
0.0876737171577
0.121839925382
0.0460651278492
0.0527329293644
0.128405565274
0.0918618473861
0.0255252163383
0.0535781833125
0.0178028629424
0.0169640084819
0.0238737456763
0.0146319573725
0.0594807239901
0.0186202246424
0.0325149239499
0.027436054535
0.123431729342
0.015849059967
0.0176330362937
0.0174854211444
0.0196915598623
0.00851905800472
0.00949859354005
0.0144357417283
0.0134370198904
0.0127940538745
0.0135424191496
0.00958984058359
0.0185761768682
0.0107125359818
0.0205596916583
0.010429765803
0.0076645400758
0.0119867920341
0.00724419410557
0.00788496674792
0.0293258084336
0.00599190844132
0.00810981535983
0.0106942134985
0.0122011330203
0.00802544472433
0.008826591902
0.00608122347765
0.0100233143033
0.00593927548454
0.00714923144356
0.00919473488161
0.00608605097342
0.0106679558284
0.00693759260562
0.0076441005774
0.00780885097425
0.00936691300304
0.0138772341517
0.00794480504035
0.0096883822488
0.00875574671453
0.00722746265627
0.0135906989332
0.00470322891507
0.00678862751032
0.0159680772354
0.00918807572882
0.00660533929611
0.00847910445641
0.00735522997267
0.00600227972541
0.00485021920806
0.00900294672676
0.00687398905095
0.00563087699356
0.00952676600314
0.00565369093929
0.0103953753273
0.00543219898702
0.0078432154177
0.00848766921887
0.0098932751169
0.00953475221484
0.00532540244962
0.00639508671453
0.00764964023082
0.00839236333861
0.00961483226937
0.00707782057372
0.00554439705763
0.00650118947166
0.0053769477786
